1
2
2
1
220711
16
1
4
1
496381
1.53851
-101181
0.106967
5.34091e-06
0.994263
0
-6.85709e-06
1
-4.63401e-06
0
-0.994263
-6.32206e-06
0.106967
0
998.55
32
1
499460
3.92157
-100744
11
0
3
0
Balaenidae
-84215046
0
2
4
2
-149765
10.6049
436693
-0.452885
3.71394e-07
-0.891569
0
7.79227e-07
1
2.07434e-08
0
0.891569
-6.8534e-07
-0.452885
0
996.477
113
0
-142000
0
434000
1
5
3
0
Beluga
-1493137408
0
1
2
11
576657
30.1415
-349719
-0.06958
2.71148e-05
0.997577
0
7.96354e-05
1
-2.16262e-05
0
-0.997577
7.79376e-05
-0.06958
0
1000
1000
0
0
0
0
1
0
4
0
CargoShip-1
1
0
2
2
11
-448792
30.1415
294893
-0.857152
-2.62743e-09
-0.515064
0
-3.55485e-09
1
8.14689e-10
0
0.515064
2.52929e-09
-0.857152
0
1000
818
0
-449000
0
295000
1
0
4
3
CargoShip-1
1
0
2
2
11
-447244
30.1415
250738
-0.25905
-1.51441e-07
-0.965864
0
-2.3084e-07
1
-9.48808e-08
0
0.965864
1.98381e-07
-0.25905
0
1000
1000
0
0
0
0
1
0
4
8
CargoShip-2
2
0
2
2
11
304728
30.5292
-154497
-0.440648
-0.0233533
0.897376
0
0.00148469
0.999641
0.0267436
0
-0.897679
0.0131168
-0.440455
0
1000
647
1
382000
0
-189000
2
0
4
7
CargoShip-3
3
0
1
2
11
452816
30.1415
-299247
-0.258684
3.1762e-05
-0.965962
0
0.00013498
1
-3.26641e-06
0
0.965962
-0.000131231
-0.258684
0
1000
1000
0
0
0
0
1
0
4
10
CargoShip-2
2
0
2
2
11
-392210
30.1415
112211
-0.711391
8.5795e-08
0.702797
0
1.3539e-06
1
1.24838e-06
0
-0.702797
1.8396e-06
-0.711391
0
1000
1000
0
0
0
0
1
0
4
28
CargoShip-4
4
0
2
2
11
-309578
30.1415
206660
0.994505
5.32369e-05
-0.104685
0
-5.36441e-05
1
-1.07453e-06
0
0.104685
6.68436e-06
0.994505
0
1000
1000
0
0
0
0
1
0
4
27
CargoShip-5
5
0
1
2
11
387605
30.1415
-187519
-0.719496
-0.000111332
0.694497
0
-0.000147406
1
7.59366e-06
0
-0.694497
-9.69095e-05
-0.719496
0
1000
1000
0
0
0
0
1
0
4
29
CargoShip-3
3
0
2
2
11
-249926
30.1415
251392
0.957561
2.59406e-06
0.28823
0
-2.80374e-06
1
3.14659e-07
0
-0.28823
-1.10943e-06
0.957561
0
1000
994
0
0
0
0
1
0
4
4
CargoShip-6
6
0
2
2
11
-92921.8
30.5293
286692
0.634029
-0.0190499
0.773075
0
-0.0025652
0.999639
0.0267367
0
-0.773305
-0.018935
0.633751
0
1000
946
1
57000
0
405000
2
0
4
5
CargoShip-7
7
1000
2
2
11
-196778
30.1415
318382
0.998137
3.30571e-05
0.0610089
0
-3.32399e-05
1
1.98103e-06
0
-0.0610089
-4.00527e-06
0.998137
0
1000
1000
0
0
0
0
1
0
4
12
CargoShip-8
8
0
1
2
11
420069
30.1415
-113348
0.999852
-2.79695e-06
-0.0171901
0
2.73902e-06
1
-3.39388e-06
0
0.0171901
3.34629e-06
0.999852
0
1000
1000
0
0
0
0
1
0
4
30
CargoShip-4
4
0
1
2
11
498984
30.1415
-101435
0.340894
1.26793e-05
-0.940102
0
-4.88067e-05
1
-4.21086e-06
0
0.940102
4.73187e-05
0.340894
0
1000
1000
0
0
0
0
1
0
4
6
CargoShip-5
5
0
2
2
11
-150050
30.1415
437869
-0.999846
-7.16996e-07
0.0175774
0
-6.69076e-07
1
2.73211e-06
0
-0.0175774
2.71993e-06
-0.999846
0
1000
1000
0
0
0
0
1
0
4
14
CargoShip-9
9
0
35
Thermopilae
580000
-350000
/Users/rramele/work/wakuseibokan//terrain/thermopilae.bmp
0
63
14
1
17
13
2
581215
6.27451
-350078
-2.47837
1000
1000
0
1
15
20
79
578201
3.92157
-349826
1.64043
1000
1000
1000
1
15
25
79
579868
6.27451
-349221
-0.10472
1000
1000
67
1
15
23
79
580498
6.27451
-349555
-2.11185
1000
1000
0
1
15
24
79
579672
6.27451
-350321
2.3911
1000
1000
0
1
15
22
79
579770
6.27451
-348617
2.87979
1000
1000
0
1
15
21
79
579781
6.27451
-351134
1.90241
1000
1000
0
1
15
15
79
580372
6.27451
-349705
1.15192
1000
1000
0
1
15
25
79
580232
6.27451
-349730
0.383972
1000
1000
52
1
16
16
79
580121
6.27451
-348379
-0.383973
1000
1000
1000
1
15
25
79
578692
6.27451
-349478
1.98968
1000
1000
32
1
15
24
79
580949
6.27451
-348518
-0.872665
1000
1000
0
1
15
25
79
581461
6.27451
-348908
1.39626
1000
1000
90
1
15
25
79
579242
6.27451
-349250
-2.67035
1000
1000
70
Atolon
0
-100000
/Users/rramele/work/wakuseibokan//terrain/nonsquareisland.bmp
0
79
Vulcano
145000
89000
/Users/rramele/work/wakuseibokan//terrain/vulcano.bmp
0
79
Nemesis
-450000
300000
/Users/rramele/work/wakuseibokan//terrain/nemesis.bmp
0
63
24
2
17
13
3
-450367
41.9608
300213
-0
1000
1000
0
2
15
20
79
-450374
3.92157
301619
2.91462
1000
1000
1000
2
15
25
79
-449366
6.27451
300952
2.30383
1000
1000
42
2
15
15
79
-450565
41.9608
299174
-1.88496
1000
1000
0
2
15
26
79
-450200
41.9608
301010
0.0523599
1000
1000
0
2
15
24
79
-451025
6.27451
299499
1.44862
1000
1000
0
2
15
25
79
-450984
6.27451
300689
-0.750492
1000
1000
42
2
15
26
79
-450970
41.9608
299787
0.0523599
1000
1000
0
2
15
21
79
-448825
6.27451
300108
-1.39626
1000
1000
0
2
15
23
79
-450554
41.9608
299340
2.67035
1000
1000
0
2
15
26
79
-450434
41.9608
299149
0.331613
1000
1000
0
2
16
16
79
-450839
41.9608
299341
-1.55334
1000
1000
1000
2
15
22
79
-449414
6.27451
299174
2.47837
1000
1000
0
2
15
25
79
-449832
41.9608
300299
-2.87979
1000
1000
42
2
15
25
79
-450536
100
300742
2.56563
1000
1000
42
2
15
26
79
-449500
41.9608
299658
1.06465
1000
1000
0
2
15
25
79
-448663
6.27451
299895
-0.366519
1000
1000
42
2
15
26
79
-450651
41.9608
299432
0.890118
1000
1000
0
2
15
24
79
-450353
41.9608
300592
-2.54818
1000
1000
0
2
15
24
79
-450423
6.27451
301091
2.63545
1000
1000
0
2
15
25
79
-449918
41.9608
299941
-1.22173
1000
1000
44
2
15
23
79
-451137
6.27451
300167
-1.5708
1000
1000
0
2
15
24
79
-450641
41.9608
300619
0.401426
1000
1000
0
2
15
25
79
-450401
6.27451
298887
-0.959931
1000
1000
42
Hestia
-250000
250000
/Users/rramele/work/wakuseibokan//terrain/vulcano.bmp
0
63
24
2
17
13
3
-250999
21.9608
249690
-0
1000
1000
0
2
15
20
79
-249160
-20
249067
-0.733163
1000
1000
1000
2
15
25
79
-249977
20.3922
250456
-1.72788
1000
1000
60
2
15
26
79
-251459
5.88235
249760
-0.296706
1000
1000
0
2
15
18
79
-250980
35.2941
249709
-1.5708
1000
1000
0
2
15
21
79
-249246
5.09804
249166
-2.6529
1000
1000
0
2
15
22
79
-250839
39.2157
249091
2.9147
1000
1000
0
2
15
23
79
-249787
39.2157
249085
-1.22173
1000
1000
0
2
15
24
79
-251668
5.4902
250347
0.122173
1000
1000
0
2
15
24
79
-250774
21.9608
251029
1.72788
1000
1000
0
2
15
24
79
-249672
31.3726
249009
2.87979
1000
1000
0
2
15
17
79
-249585
28.2353
248888
-1.0472
1000
1000
0
2
15
24
79
-250772
59.6078
250677
2.35619
1000
1000
0
2
15
17
79
-250004
20.3922
249630
1.0821
1000
1000
0
2
15
24
79
-249812
50.1961
248762
-2.11185
1000
1000
0
2
15
26
79
-251430
14.1176
251043
-2.26893
1000
1000
0
2
15
26
79
-251223
10.5882
251328
-0.471239
1000
1000
0
2
15
24
79
-251072
72.1569
249953
-0.593412
1000
1000
0
2
15
17
79
-249759
39.2157
248912
0.907571
1000
1000
0
2
15
25
79
-250362
34.5098
249421
1.48353
1000
1000
10
2
15
19
79
-249744
26.6667
250089
-2.19911
1000
1000
0
2
15
24
79
-250146
20
250810
0.331613
1000
1000
0
2
15
23
79
-250568
47.0588
249922
0.174533
1000
1000
0
2
15
25
79
-250860
87.8431
250063
-1.69297
1000
1000
63
Hera
-200000
200000
/Users/rramele/work/wakuseibokan//terrain/nemesis.bmp
0
63
24
2
17
13
3
-199779
41.9608
199706
-0
1000
1000
0
2
15
20
79
-199402
3.92157
201559
-2.77523
1000
1000
500
2
15
25
79
-200391
41.9608
199727
1.55334
1000
1000
86
2
15
21
79
-200153
6.27451
198751
2.42601
1000
1000
0
2
15
25
79
-200580
41.9608
199111
0.488692
1000
1000
85
2
15
26
79
-199218
41.9608
200298
0.0349066
1000
1000
0
2
15
22
79
-198998
6.27451
199100
-2.74017
1000
1000
0
2
15
24
79
-199463
41.9608
199714
-1.11701
1000
1000
0
2
15
19
79
-200928
6.27451
200773
-2.70526
1000
1000
0
2
15
24
79
-199415
6.27451
201057
-1.01229
1000
1000
0
2
15
25
79
-200378
41.9608
200525
0.0698132
1000
1000
85
2
15
24
79
-198677
6.27451
200189
1.46608
1000
1000
0
2
15
19
79
-198918
6.27451
199980
-1.0472
1000
1000
0
2
15
23
79
-199852
6.27451
198934
0.349066
1000
1000
0
2
15
23
79
-199805
41.9608
199922
1.36136
1000
1000
0
2
15
23
79
-200219
41.9608
200429
0.0523599
1000
1000
0
2
15
24
79
-201290
6.27451
200467
-1.22173
1000
1000
0
2
15
25
79
-200349
100
200643
-1.0472
1000
1000
85
2
15
18
79
-199740
41.9608
200749
-2.0944
1000
1000
0
2
15
23
79
-201274
6.27451
200299
0.925025
1000
1000
0
2
15
17
79
-198865
6.27451
200312
-0.0523599
1000
1000
0
2
15
25
79
-199551
6.27451
198829
-0.750492
1000
1000
85
2
16
16
79
-200659
41.9608
200241
-2.53073
1000
1000
500
2
15
26
79
-199401
6.27451
199008
0.436332
1000
1000
0
Atom
500000
-100000
/Users/rramele/work/wakuseibokan//terrain/atom.bmp
0
63
14
1
17
13
2
501106
27.0588
-100743
-1.62316
1000
1000
0
1
15
20
79
499695
3.92157
-100420
0.628107
1000
1000
149
1
15
25
79
499137
31.3726
-99284
-0.541052
1000
1000
36
1
15
25
79
498925
11.7647
-98761
-1.85005
1000
1000
34
1
15
25
79
500717
-20
-100384
-0.994838
1000
1000
34
1
15
24
79
500018
23.1373
-100330
2.56563
1000
1000
0
1
15
17
79
499355
12.1569
-98944
2.05949
1000
1000
0
1
16
16
79
499161
0.784313
-100179
-0.244346
1000
1000
149
1
15
21
79
500077
23.1373
-99470
0.610865
1000
1000
0
1
15
20
79
500896
3.92157
-101380
-0.575959
1000
1000
149
1
15
24
79
500474
22.3529
-99945
-2.70526
1000
1000
0
1
15
22
79
498926
32.1569
-99079
-0.541052
1000
1000
0
1
15
25
79
501124
29.4118
-100817
1.32645
1000
1000
61
1
15
25
79
500965
18.0392
-101247
2.33874
1000
1000
37
Island
-500000
200000
/Users/rramele/work/wakuseibokan//terrain/island.bmp
0
63
24
2
17
13
3
-498895
38.0392
200227
-0
1000
1000
0
2
15
20
79
-501173
3.52941
201739
2.54796
1000
1000
1000
2
15
25
79
-499757
56.8627
199315
-2.94961
1000
1000
18
2
15
19
79
-501109
12.1569
198317
-1.71042
1000
1000
0
2
15
18
79
-500463
63.9216
200435
2.19911
1000
1000
0
2
15
21
79
-500005
14.1176
201382
-3.03687
1000
1000
0
2
15
23
79
-500810
54.5098
199332
-0.541052
1000
1000
0
2
15
22
79
-501207
38.4314
200178
-2.19911
1000
1000
0
2
15
15
79
-500950
39.6078
198838
2.82743
1000
1000
0
2
15
26
79
-499020
36.8627
199665
-2.26893
1000
1000
0
2
15
18
79
-498877
35.2941
199622
-1.0821
1000
1000
0
2
15
24
79
-499522
58.8235
199620
-1.55334
1000
1000
0
2
15
24
79
-499340
27.451
198968
1.93732
1000
1000
0
2
15
25
79
-500644
37.2549
201073
0.366519
1000
1000
18
2
15
17
79
-499977
4.70588
201609
-1.0472
1000
1000
0
2
15
24
79
-501396
29.4118
199330
1.79769
1000
1000
0
2
15
26
79
-500207
31.3726
201191
-2.40855
1000
1000
0
2
15
17
79
-499005
36.8627
199672
-1.29154
1000
1000
0
2
15
24
79
-500919
58.8235
200142
2.84489
1000
1000
0
2
15
24
79
-500819
27.451
198580
-2.60054
1000
1000
0
2
15
25
79
-501694
5.4902
198656
0.698132
1000
1000
93
2
15
24
79
-499225
41.5686
199400
1.23918
1000
1000
0
2
15
18
79
-498964
20.3922
198831
-1.3439
1000
1000
0
2
15
19
79
-498805
19.2157
199230
-0.122173
1000
1000
0
Baltimore
-450000
250000
/Users/rramele/work/wakuseibokan//terrain/baltimore.bmp
0
63
24
2
17
13
3
-449175
9.41177
249983
-0
1000
1000
0
2
15
20
79
-448740
-20
250338
-1.83283
1000
1000
1000
2
15
25
79
-448881
100
250101
-0.20944
1000
1000
37
2
15
24
79
-450422
3.92157
248744
1.41372
1000
1000
0
2
15
17
79
-448278
-20
250325
-2.07694
1000
1000
0
2
15
23
79
-449378
9.41177
250198
1.0472
1000
1000
0
2
15
26
79
-450488
-20
251535
-1.98968
1000
1000
0
2
15
17
79
-449147
9.80392
249084
-2.72271
1000
1000
0
2
15
21
79
-449811
9.41177
248779
-0.383972
1000
1000
0
2
15
25
79
-451187
-20
249991
-0.750492
1000
1000
36
2
15
24
79
-449153
3.92157
251027
1.309
1000
1000
0
2
15
25
79
-448290
-20
249213
2.16421
1000
1000
36
2
15
15
79
-450709
9.41177
248741
0.418879
1000
1000
0
2
15
24
79
-450194
3.92157
248692
0.139626
1000
1000
0
2
15
24
79
-449407
3.92157
248797
-2.14675
1000
1000
0
2
15
17
79
-448925
46.2745
250059
-0.959931
1000
1000
0
2
15
18
79
-448883
100
249989
0.15708
1000
1000
0
2
16
16
79
-449339
9.41177
249881
3.05433
1000
1000
1000
2
15
18
79
-449098
50.5882
249389
2.44346
1000
1000
0
2
15
25
79
-449104
9.80392
249082
-0.244346
1000
1000
83
2
15
18
79
-449261
9.41177
250262
-0.20944
1000
1000
0
2
15
17
79
-451436
-20
251068
-0.715585
1000
1000
0
2
15
24
79
-449198
9.41177
249233
0.715585
1000
1000
0
2
15
25
79
-449016
9.41177
250385
0.0523599
1000
1000
39
Fulcrum
70000
70000
/Users/rramele/work/wakuseibokan//terrain/fulcrum.bmp
0
79
Vulcrum
450000
-300000
/Users/rramele/work/wakuseibokan//terrain/fulcrum.bmp
0
63
14
1
17
13
1
449701
5.09804
-299516
-2.61799
1000
1000
0
1
15
20
79
451319
3.92157
-299646
-1.83246
1000
1000
1000
1
15
25
79
450448
5.09804
-300417
3.03687
1000
1000
41
1
16
16
79
450181
5.09804
-300779
-0.331613
1000
1000
1000
1
15
25
79
450402
5.09804
-299849
1.78024
1000
1000
41
1
15
18
79
449203
5.09804
-300147
-1.8326
1000
1000
0
1
15
19
79
450136
81.9608
-298891
-2.86234
1000
1000
0
1
15
24
79
451000
5.09804
-299626
-2.26893
1000
1000
0
1
15
24
79
449480
5.09804
-300646
-1.15192
1000
1000
0
1
15
25
79
448637
5.09804
-299903
-2.54818
1000
1000
41
1
15
18
79
449395
5.09804
-299325
0.383972
1000
1000
0
1
15
18
79
450833
5.09804
-299497
-0.994838
1000
1000
0
1
15
25
79
450831
5.09804
-299740
1.50098
1000
1000
42
1
15
18
79
450541
69.4118
-298747
-1.09956
1000
1000
0
Lunae
490000
320000
/Users/rramele/work/wakuseibokan//terrain/heightmap.bmp
0
79
Mururoa
-200000
320000
/Users/rramele/work/wakuseibokan//terrain/thermopilae.bmp
0
63
24
2
17
13
3
-199793
6.27451
318780
-0
1000
1000
0
2
15
20
79
-198261
3.92157
319114
-1.09964
1000
1000
801
2
15
25
79
-198676
6.27451
318302
-2.07694
1000
1000
44
2
16
16
79
-199279
6.27451
320061
-1.67552
1000
1000
650
2
15
19
79
-201395
6.27451
320880
1.27409
1000
1000
0
2
15
17
79
-201444
6.27451
319144
2.74017
1000
1000
0
2
15
24
79
-199580
6.27451
318310
0.541052
1000
1000
0
2
15
17
79
-201625
6.27451
320099
-1.95477
1000
1000
0
2
15
18
79
-201348
6.27451
319823
-0.680678
1000
1000
0
2
15
25
79
-201411
6.27451
320052
1.88496
1000
1000
44
2
15
21
79
-199164
6.27451
320034
-0.453786
1000
1000
0
2
15
25
79
-198439
6.27451
318997
-2.42601
1000
1000
44
2
15
18
79
-200345
6.27451
319717
-1.51844
1000
1000
0
2
15
25
79
-201553
6.27451
321627
-1.81514
1000
1000
44
2
15
26
79
-199885
6.27451
319234
-0.698132
1000
1000
0
2
15
18
79
-198998
6.27451
320537
-2.07694
1000
1000
0
2
15
25
79
-200328
6.27451
319642
0.15708
1000
1000
44
2
15
26
79
-199093
6.27451
318658
-0.610866
1000
1000
0
2
15
23
79
-201143
6.27451
319417
2.3911
1000
1000
0
2
15
24
79
-200498
6.27451
319575
2.75762
1000
1000
0
2
15
25
79
-198390
6.27451
319895
2.14675
1000
1000
12
2
15
23
79
-201388
6.27451
319350
-1.85005
1000
1000
0
2
15
24
79
-200460
6.27451
320075
-1.6057
1000
1000
0
2
15
25
79
-198460
6.27451
320573
0.715585
1000
1000
81
Bikini
-150000
-235000
/Users/rramele/work/wakuseibokan//terrain/atom.bmp
0
79
Parentum
-150000
435000
/Users/rramele/work/wakuseibokan//terrain/parentum.bmp
0
63
6
2
17
13
3
-149094
6.27451
434996
-0
1000
1000
0
2
15
20
79
-150023
3.92157
436320
3.12402
1000
1000
16
2
15
25
79
-149184
6.27451
434720
-1.01229
1000
1000
23
2
15
24
79
-148659
3.92157
435488
0.698132
1000
1000
0
2
15
25
79
-150373
6.27451
433648
-0.977384
1000
1000
16
2
15
26
79
-149697
6.27451
435141
-0.139626
1000
1000
0
SonGoku
-200000
-435000
/Users/rramele/work/wakuseibokan//terrain/goku.bmp
0
79
Gaijin-shima
150000
-339000
/Users/rramele/work/wakuseibokan//terrain/gaijin.bmp
0
79
Kerama
138000
-212000
/Users/rramele/work/wakuseibokan//terrain/gaijin.bmp
0
79
Tristan-da-Cunha
250000
10000
/Users/rramele/work/wakuseibokan//terrain/tristan.bmp
0
79
North-Sentinel
150000
390000
/Users/rramele/work/wakuseibokan//terrain/sentinel.bmp
0
79
Midway
-150000
-290000
/Users/rramele/work/wakuseibokan//terrain/heightmap.bmp
0
79
Enewetak
-250000
-90000
/Users/rramele/work/wakuseibokan//terrain/thermopilae.bmp
0
79
Yokatsu
-350000
-120000
/Users/rramele/work/wakuseibokan//terrain/atom.bmp
0
79
Statera
0
0
/Users/rramele/work/wakuseibokan//terrain/thermopilae.bmp
0
79
Arachnid
-450000
-300000
/Users/rramele/work/wakuseibokan//terrain/thermopilae.bmp
0
79
Outcrop
-450000
-210000
/Users/rramele/work/wakuseibokan//terrain/atom.bmp
0
79
Taksaven
-420000
-370000
/Users/rramele/work/wakuseibokan//terrain/sentinel.bmp
0
79
Oshima
-310000
210000
/Users/rramele/work/wakuseibokan//terrain/sentinel.bmp
0
63
24
2
17
13
3
-309232
98.0392
210762
-0
1000
1000
0
2
15
20
79
-309739
3.92157
208201
-0.104877
1000
1000
1000
2
15
25
79
-309969
98.0392
209794
-1.71042
1000
1000
91
2
15
25
79
-310835
98.0392
210879
0.506145
1000
1000
91
2
15
25
79
-310577
98.0392
210773
0.0523599
1000
1000
91
2
15
21
79
-309573
98.0392
210143
-2.80998
1000
1000
0
2
15
23
79
-308673
98.0392
210613
-1.81514
1000
1000
0
2
15
24
79
-311306
98.0392
210093
-1.91986
1000
1000
0
2
15
24
79
-310208
98.0392
209702
-1.37881
1000
1000
0
2
15
15
79
-311322
98.0392
210792
1.44862
1000
1000
0
2
15
22
79
-309249
70.5882
208464
3.07178
1000
1000
0
2
15
26
79
-310210
98.0392
209079
-0.907571
1000
1000
0
2
15
24
79
-310427
98.0392
211162
-1.69297
1000
1000
0
2
15
25
79
-309891
98.0392
208574
-2.40855
1000
1000
91
2
15
24
79
-310714
98.0392
210953
-0.506145
1000
1000
0
2
15
26
79
-311548
98.0392
210236
-0.471239
1000
1000
0
2
15
24
79
-311122
3.92157
211404
0.174533
1000
1000
0
2
15
18
79
-309862
98.0392
210649
-1.36136
1000
1000
0
2
15
26
79
-311018
98.0392
209620
0.0174533
1000
1000
0
2
15
24
79
-310113
98.0392
210189
1.71042
1000
1000
0
2
15
25
79
-310099
98.0392
208626
0.785398
1000
1000
25
2
15
15
79
-310994
98.0392
209171
0.855211
1000
1000
0
2
15
25
79
-311054
98.0392
210651
-2.72271
1000
1000
6
2
15
26
79
-308670
98.0392
210065
-1.41372
1000
1000
0
Iriomote
-390000
110000
/Users/rramele/work/wakuseibokan//terrain/sentinel.bmp
0
63
24
2
17
13
3
-390090
98.0392
110682
-0
1000
1000
0
2
15
20
79
-391319
3.92157
111319
2.35619
1000
1000
1000
2
15
25
79
-390237
98.0392
110499
-0.541052
1000
1000
70
2
15
26
79
-390247
98.0392
110286
0.401426
1000
1000
0
2
15
25
79
-391075
98.0392
109007
-3.07178
1000
1000
70
2
15
18
79
-388547
97.6471
109445
1.62316
1000
1000
0
2
15
26
79
-389831
98.0392
110963
1.81514
1000
1000
0
2
15
26
79
-390602
98.0392
111167
-1.90241
1000
1000
0
2
15
18
79
-391380
98.0392
109945
-1.90241
1000
1000
0
2
15
24
79
-388705
70.9804
110992
2.63545
1000
1000
0
2
15
22
79
-389239
98.0392
109898
0.959931
1000
1000
0
2
15
24
79
-389517
97.2549
111518
-2.18166
1000
1000
0
2
15
17
79
-390195
98.0392
110227
-0.523599
1000
1000
0
2
15
24
79
-389496
3.92157
111643
1.36136
1000
1000
0
2
15
25
79
-388516
98.0392
109980
1.78024
1000
1000
70
2
15
18
79
-391288
98.0392
110804
-1.71042
1000
1000
0
2
15
24
79
-388836
98.0392
109930
-1.23918
1000
1000
0
2
15
24
79
-391377
98.0392
109084
0.907571
1000
1000
0
2
15
24
79
-389197
98.0392
108679
-2.49582
1000
1000
0
2
15
26
79
-389270
98.0392
108852
0.191986
1000
1000
0
2
15
25
79
-389847
98.0392
109144
0.977384
1000
1000
70
2
15
26
79
-390676
98.0392
108934
-1.20428
1000
1000
0
2
15
24
79
-390750
91.3726
108394
-2.77507
1000
1000
0
2
15
17
79
-389639
98.0392
108874
-0.191986
1000
1000
0
Amami
390000
-190000
/Users/rramele/work/wakuseibokan//terrain/sentinel.bmp
0
63
14
1
17
13
2
389051
98.0392
-191390
0.837758
1000
1000
0
1
15
20
79
388680
-20
-188633
2.37387
1000
1000
730
1
15
25
79
389583
98.0392
-189077
1.16937
1000
1000
63
1
15
15
79
389733
89.4118
-191737
-0.296706
1000
1000
0
1
15
17
79
389692
98.0392
-188786
-1.79769
1000
1000
0
1
15
20
79
391332
-20
-191200
-0.837758
1000
1000
730
1
15
21
79
390981
98.0392
-189522
-0.331612
1000
1000
0
1
16
16
79
390601
98.0392
-188979
1.81514
1000
1000
730
1
15
15
79
389092
98.0392
-188943
-1.16937
1000
1000
0
1
15
25
79
391195
97.6471
-188943
-1.23918
1000
1000
7
1
15
17
79
390176
98.0392
-191223
2.56563
1000
1000
0
1
15
20
79
389400
-20
-191799
0.279253
1000
1000
730
1
15
25
79
391115
98.0392
-190369
1.0472
1000
1000
96
1
15
24
79
390612
98.0392
-189872
0.907571
1000
1000
0
Miyake
420000
-110000
/Users/rramele/work/wakuseibokan//terrain/sentinel.bmp
0
63
14
1
17
13
1
420320
98.0392
-109081
-1.22173
1000
1000
0
1
15
20
79
420044
3.92157
-111799
-0.0171892
1000
1000
1000
1
15
25
79
419946
98.0392
-111310
0.0523599
1000
1000
23
1
15
25
79
419732
98.0392
-109912
-2.04204
1000
1000
23
1
15
24
79
419440
98.0392
-109557
-2.37365
1000
1000
0
1
15
18
79
421014
98.0392
-110941
0.942478
1000
1000
0
1
15
15
79
420004
98.0392
-110875
1.09956
1000
1000
0
1
15
15
79
420191
98.0392
-109713
-2.84489
1000
1000
0
1
15
21
79
418488
98.0392
-110546
-1.43117
1000
1000
0
1
15
25
79
421104
98.0392
-111135
-0.802852
1000
1000
23
1
15
15
79
420572
98.0392
-109729
0.401426
1000
1000
0
1
15
18
79
419781
98.0392
-111208
-1.95477
1000
1000
0
1
15
25
79
419686
98.0392
-108742
-0.872665
1000
1000
46
1
15
25
79
420860
98.0392
-111154
2.60054
1000
1000
26
Tokunoshima
420000
210000
/Users/rramele/work/wakuseibokan//terrain/sentinel.bmp
0
79
Dogojima
380000
110000
/Users/rramele/work/wakuseibokan//terrain/sentinel.bmp
0
79
Kikajima
205000
80000
/Users/rramele/work/wakuseibokan//terrain/sentinel.bmp
0
79
KameHouse
128000
230000
/Users/rramele/work/wakuseibokan//terrain/sentinel.bmp
0
79
