1
2
2
1
163805
13
1
4
1
418469
1.77627
-113522
1
0.000188538
7.26309e-05
0
-0.000188538
1
3.97151e-06
0
-7.26301e-05
-3.98521e-06
1
0
1000
161
1
418742
0.0692686
-113285
1
0
3
0
Balaenidae
-84215046
0
2
4
2
-199072
10.605
259536
0.997311
-0.00012492
0.0732896
0
0.000125163
1
1.28508e-06
0
-0.0732896
7.89149e-06
0.997311
0
647.736
423
1
-199000
0
315000
2
0
3
0
Beluga
-1493137408
0
1
2
11
576657
30.1415
-349719
-0.0695802
2.71153e-05
0.997576
0
7.96425e-05
1
-2.16262e-05
0
-0.997576
7.79448e-05
-0.0695802
0
1000
1000
0
0
0
0
1
0
4
0
CargoShip-1
1
0
2
2
11
-448792
30.1415
294893
-0.857152
-5.13857e-06
-0.515064
0
-4.01246e-06
1
-3.29917e-06
0
0.515064
-7.61218e-07
-0.857152
0
1000
818
0
-449000
0
295000
1
0
4
3
CargoShip-1
1
0
2
2
11
-447244
30.1415
250738
-0.259049
-3.21486e-07
-0.965865
0
-4.83253e-07
1
-2.03238e-07
0
0.965865
4.14108e-07
-0.259049
0
1000
1000
0
0
0
0
1
0
4
8
CargoShip-2
2
0
2
2
11
45607.3
30.5291
-38821.3
-0.397986
-0.0251224
0.917047
0
-0.00149137
0.999641
0.0267379
0
-0.91739
0.00927364
-0.397881
0
1000
760
1
382000
0
-189000
2
0
4
7
CargoShip-3
3
0
1
2
11
452816
30.1415
-299247
-0.258684
-0.000125428
-0.965962
0
-0.000348356
1
-3.65579e-05
0
0.965962
0.000327042
-0.258684
0
1000
1000
0
0
0
0
1
0
4
10
CargoShip-2
2
0
2
2
11
-392210
30.1415
112211
-0.711391
-1.16521e-06
0.702797
0
-2.71458e-08
1
1.63048e-06
0
-0.702797
1.14083e-06
-0.711391
0
1000
1000
0
0
0
0
1
0
4
28
CargoShip-4
4
0
2
2
11
-309578
30.1415
206660
0.994505
0.000159598
-0.104685
0
-0.000160819
1
-3.22027e-06
0
0.104685
2.00378e-05
0.994505
0
1000
1000
0
0
0
0
1
0
4
27
CargoShip-5
5
0
1
2
11
387605
30.1415
-187519
-0.719496
-0.000111332
0.694497
0
-0.000147406
1
7.59312e-06
0
-0.694497
-9.691e-05
-0.719496
0
1000
1000
0
0
0
0
1
0
4
29
CargoShip-3
3
0
2
2
11
-248333
30.1415
248147
0.0220587
3.16625e-06
-0.999757
0
5.89174e-05
1
4.46698e-06
0
0.999757
-5.90016e-05
0.0220587
0
1000
1000
0
0
0
0
1
0
4
4
CargoShip-6
6
0
2
2
11
-198804
30.1415
202977
-0.248135
-2.18383e-06
-0.968726
0
-1.88719e-06
1
-1.77094e-06
0
0.968726
1.38874e-06
-0.248135
0
1000
1000
0
0
0
0
1
0
4
5
CargoShip-7
7
0
1
2
9
418251
1.91583
-113196
0.937537
0.0078299
-0.347798
0
0.000424222
0.99972
0.02365
0
0.347886
-0.0223203
0.937271
0
1000
1000
1
419805
0
-109955
2
0
3
0
Walrus-1
1
0
35
Thermopilae
580000
-350000
/Users/rramele/work/wakuseibokan//terrain/thermopilae.bmp
0
63
14
1
17
13
2
581215
6.27451
-350078
-2.47837
1000
1000
0
1
15
20
79
578201
3.92157
-349826
1.64043
1000
1000
1000
1
15
25
79
579868
6.27451
-349221
-0.10472
1000
1000
9
1
15
23
79
580498
6.27451
-349555
-2.11185
1000
1000
0
1
15
24
79
579672
6.27451
-350321
2.3911
1000
1000
0
1
15
22
79
579770
6.27451
-348617
2.87979
1000
1000
0
1
15
21
79
579781
6.27451
-351134
1.90241
1000
1000
0
1
15
15
79
580372
6.27451
-349705
1.15192
1000
1000
0
1
15
25
79
580232
6.27451
-349730
0.383972
1000
1000
95
1
16
16
79
580121
6.27451
-348379
-0.383973
1000
1000
1000
1
15
25
79
578692
6.27451
-349478
1.98968
1000
1000
75
1
15
24
79
580949
6.27451
-348518
-0.872665
1000
1000
0
1
15
25
79
581461
6.27451
-348908
1.39626
1000
1000
32
1
15
25
79
579242
6.27451
-349250
-2.67035
1000
1000
12
Atolon
0
-100000
/Users/rramele/work/wakuseibokan//terrain/nonsquareisland.bmp
0
79
Vulcano
145000
89000
/Users/rramele/work/wakuseibokan//terrain/vulcano.bmp
0
79
Nemesis
-450000
300000
/Users/rramele/work/wakuseibokan//terrain/nemesis.bmp
0
63
24
2
17
13
3
-450367
41.9608
300213
-0
1000
1000
0
2
15
20
79
-450374
3.92157
301619
2.91462
1000
1000
1000
2
15
25
79
-449366
6.27451
300952
2.30383
1000
1000
85
2
15
15
79
-450565
41.9608
299174
-1.88496
1000
1000
0
2
15
26
79
-450200
41.9608
301010
0.0523599
1000
1000
0
2
15
24
79
-451025
6.27451
299499
1.44862
1000
1000
0
2
15
25
79
-450984
6.27451
300689
-0.750492
1000
1000
85
2
15
26
79
-450970
41.9608
299787
0.0523599
1000
1000
0
2
15
21
79
-448825
6.27451
300108
-1.39626
1000
1000
0
2
15
23
79
-450554
41.9608
299340
2.67035
1000
1000
0
2
15
26
79
-450434
41.9608
299149
0.331613
1000
1000
0
2
16
16
79
-450839
41.9608
299341
-1.55334
1000
1000
1000
2
15
22
79
-449414
6.27451
299174
2.47837
1000
1000
0
2
15
25
79
-449832
41.9608
300299
-2.87979
1000
1000
85
2
15
25
79
-450536
100
300742
2.56563
1000
1000
85
2
15
26
79
-449500
41.9608
299658
1.06465
1000
1000
0
2
15
25
79
-448663
6.27451
299895
-0.366519
1000
1000
85
2
15
26
79
-450651
41.9608
299432
0.890118
1000
1000
0
2
15
24
79
-450353
41.9608
300592
-2.54818
1000
1000
0
2
15
24
79
-450423
6.27451
301091
2.63545
1000
1000
0
2
15
25
79
-449918
41.9608
299941
-1.22173
1000
1000
87
2
15
23
79
-451137
6.27451
300167
-1.5708
1000
1000
0
2
15
24
79
-450641
41.9608
300619
0.401426
1000
1000
0
2
15
25
79
-450401
6.27451
298887
-0.959931
1000
1000
85
Hestia
-250000
250000
/Users/rramele/work/wakuseibokan//terrain/vulcano.bmp
0
63
24
2
17
13
3
-250999
21.9608
249690
-0
1000
1000
0
2
15
20
79
-249160
3.92157
249067
-0.733163
1000
1000
855
2
15
25
79
-249977
20.3922
250456
-1.72788
1000
1000
2
2
15
26
79
-251459
5.88235
249760
-0.296706
1000
1000
0
2
15
18
79
-250980
35.2941
249709
-1.5708
1000
1000
0
2
15
21
79
-249246
5.09804
249166
-2.6529
1000
1000
0
2
15
22
79
-250839
39.2157
249091
2.9147
1000
1000
0
2
15
23
79
-249787
39.2157
249085
-1.22173
1000
1000
0
2
15
24
79
-251668
5.4902
250347
0.122173
1000
1000
0
2
15
24
79
-250774
21.9608
251029
1.72788
1000
1000
0
2
15
24
79
-249672
31.3726
249009
2.87979
1000
1000
0
2
15
17
79
-249585
28.2353
248888
-1.0472
1000
1000
0
2
15
24
79
-250772
59.6078
250677
2.35619
1000
1000
0
2
15
17
79
-250004
20.3922
249630
1.0821
1000
1000
0
2
15
24
79
-249812
50.1961
248762
-2.11185
1000
1000
0
2
15
26
79
-251430
14.1176
251043
-2.26893
1000
1000
0
2
15
26
79
-251223
10.5882
251328
-0.471239
1000
1000
0
2
15
24
79
-251072
72.1569
249953
-0.593412
1000
1000
0
2
15
17
79
-249759
39.2157
248912
0.907571
1000
1000
0
2
15
25
79
-250362
34.5098
249421
1.48353
1000
1000
53
2
15
19
79
-249744
26.6667
250089
-2.19911
1000
1000
0
2
15
24
79
-250146
20
250810
0.331613
1000
1000
0
2
15
23
79
-250568
47.0588
249922
0.174533
1000
1000
0
2
15
25
79
-250860
87.8431
250063
-1.69297
1000
1000
5
Hera
-200000
200000
/Users/rramele/work/wakuseibokan//terrain/nemesis.bmp
0
63
23
2
17
13
3
-199779
41.9608
199706
-0
1000
1000
0
2
15
20
79
-199402
3.92157
201559
-2.77523
1000
1000
0
2
15
25
79
-200391
41.9608
199727
1.55334
1000
1000
98
2
15
21
79
-200153
6.27451
198751
2.42601
1000
1000
0
2
15
25
79
-200580
41.9608
199111
0.488692
1000
1000
98
2
15
26
79
-199218
41.9608
200298
0.0349066
1000
1000
0
2
15
22
79
-198998
6.27451
199100
-2.74017
1000
1000
0
2
15
24
79
-199463
41.9608
199714
-1.11701
1000
1000
0
2
15
19
79
-200928
6.27451
200773
-2.70526
1000
1000
0
2
15
24
79
-199415
6.27451
201057
-1.01229
1000
1000
0
2
15
25
79
-200378
41.9608
200525
0.0698132
1000
1000
98
2
15
24
79
-198677
6.27451
200189
1.46608
1000
1000
0
2
15
19
79
-198918
6.27451
199980
-1.0472
1000
1000
0
2
15
23
79
-199852
6.27451
198934
0.349066
1000
1000
0
2
15
23
79
-199805
41.9608
199922
1.36136
1000
1000
0
2
15
23
79
-200219
41.9608
200429
0.0523599
1000
1000
0
2
15
24
79
-201290
6.27451
200467
-1.22173
1000
1000
0
2
15
25
79
-200349
100
200643
-1.0472
1000
1000
51
2
15
18
79
-199740
41.9608
200749
-2.0944
1000
1000
0
2
15
23
79
-201274
6.27451
200299
0.925025
1000
1000
0
2
15
17
79
-198865
6.27451
200312
-0.0523599
1000
1000
0
2
15
25
79
-199551
6.27451
198829
-0.750492
1000
1000
11
2
16
16
79
-200659
41.9608
200241
-2.53073
1000
1000
0
Atom
500000
-100000
/Users/rramele/work/wakuseibokan//terrain/atom.bmp
0
79
Island
-500000
200000
/Users/rramele/work/wakuseibokan//terrain/island.bmp
0
63
24
2
17
13
3
-498895
38.0392
200227
-0
1000
1000
0
2
15
20
79
-501173
3.52941
201739
2.54796
1000
1000
1000
2
15
25
79
-499757
56.8627
199315
-2.94961
1000
1000
61
2
15
19
79
-501109
12.1569
198317
-1.71042
1000
1000
0
2
15
18
79
-500463
63.9216
200435
2.19911
1000
1000
0
2
15
21
79
-500005
14.1176
201382
-3.03687
1000
1000
0
2
15
23
79
-500810
54.5098
199332
-0.541052
1000
1000
0
2
15
22
79
-501207
38.4314
200178
-2.19911
1000
1000
0
2
15
15
79
-500950
39.6078
198838
2.82743
1000
1000
0
2
15
26
79
-499020
36.8627
199665
-2.26893
1000
1000
0
2
15
18
79
-498877
35.2941
199622
-1.0821
1000
1000
0
2
15
24
79
-499522
58.8235
199620
-1.55334
1000
1000
0
2
15
24
79
-499340
27.451
198968
1.93732
1000
1000
0
2
15
25
79
-500644
37.2549
201073
0.366519
1000
1000
61
2
15
17
79
-499977
4.70588
201609
-1.0472
1000
1000
0
2
15
24
79
-501396
29.4118
199330
1.79769
1000
1000
0
2
15
26
79
-500207
31.3726
201191
-2.40855
1000
1000
0
2
15
17
79
-499005
36.8627
199672
-1.29154
1000
1000
0
2
15
24
79
-500919
58.8235
200142
2.84489
1000
1000
0
2
15
24
79
-500819
27.451
198580
-2.60054
1000
1000
0
2
15
25
79
-501694
5.4902
198656
0.698132
1000
1000
35
2
15
24
79
-499225
41.5686
199400
1.23918
1000
1000
0
2
15
18
79
-498964
20.3922
198831
-1.3439
1000
1000
0
2
15
19
79
-498805
19.2157
199230
-0.122173
1000
1000
0
Baltimore
-450000
250000
/Users/rramele/work/wakuseibokan//terrain/baltimore.bmp
0
63
24
2
17
13
3
-449175
9.41177
249983
-0
1000
1000
0
2
15
20
79
-448740
3.92157
250338
-1.83283
1000
1000
1000
2
15
25
79
-448881
100
250101
-0.20944
1000
1000
80
2
15
24
79
-450422
3.92157
248744
1.41372
1000
1000
0
2
15
17
79
-448278
-20
250325
-2.07694
1000
1000
0
2
15
23
79
-449378
9.41177
250198
1.0472
1000
1000
0
2
15
26
79
-450488
-20
251535
-1.98968
1000
1000
0
2
15
17
79
-449147
9.80392
249084
-2.72271
1000
1000
0
2
15
21
79
-449811
9.41177
248779
-0.383972
1000
1000
0
2
15
25
79
-451187
-20
249991
-0.750492
1000
1000
79
2
15
24
79
-449153
3.92157
251027
1.309
1000
1000
0
2
15
25
79
-448290
-20
249213
2.16421
1000
1000
79
2
15
15
79
-450709
9.41177
248741
0.418879
1000
1000
0
2
15
24
79
-450194
3.92157
248692
0.139626
1000
1000
0
2
15
24
79
-449407
3.92157
248797
-2.14675
1000
1000
0
2
15
17
79
-448925
46.2745
250059
-0.959931
1000
1000
0
2
15
18
79
-448883
100
249989
0.15708
1000
1000
0
2
16
16
79
-449339
9.41177
249881
3.05433
1000
1000
1000
2
15
18
79
-449098
50.5882
249389
2.44346
1000
1000
0
2
15
25
79
-449104
9.80392
249082
-0.244346
1000
1000
25
2
15
18
79
-449261
9.41177
250262
-0.20944
1000
1000
0
2
15
17
79
-451436
-20
251068
-0.715585
1000
1000
0
2
15
24
79
-449198
9.41177
249233
0.715585
1000
1000
0
2
15
25
79
-449016
9.41177
250385
0.0523599
1000
1000
82
Fulcrum
70000
70000
/Users/rramele/work/wakuseibokan//terrain/fulcrum.bmp
0
79
Vulcrum
450000
-300000
/Users/rramele/work/wakuseibokan//terrain/fulcrum.bmp
0
63
14
1
17
13
1
449701
5.09804
-299516
-2.61799
1000
1000
0
1
15
20
79
451319
3.92157
-299646
-1.83246
1000
1000
1000
1
15
25
79
450448
5.09804
-300417
3.03687
1000
1000
84
1
16
16
79
450181
5.09804
-300779
-0.331613
1000
1000
1000
1
15
25
79
450402
5.09804
-299849
1.78024
1000
1000
84
1
15
18
79
449203
5.09804
-300147
-1.8326
1000
1000
0
1
15
19
79
450136
81.9608
-298891
-2.86234
1000
1000
0
1
15
24
79
451000
5.09804
-299626
-2.26893
1000
1000
0
1
15
24
79
449480
5.09804
-300646
-1.15192
1000
1000
0
1
15
25
79
448637
5.09804
-299903
-2.54818
1000
1000
84
1
15
18
79
449395
5.09804
-299325
0.383972
1000
1000
0
1
15
18
79
450833
5.09804
-299497
-0.994838
1000
1000
0
1
15
25
79
450831
5.09804
-299740
1.50098
1000
1000
85
1
15
18
79
450541
69.4118
-298747
-1.09956
1000
1000
0
Lunae
490000
320000
/Users/rramele/work/wakuseibokan//terrain/heightmap.bmp
0
79
Mururoa
-200000
320000
/Users/rramele/work/wakuseibokan//terrain/thermopilae.bmp
0
79
Bikini
-150000
-235000
/Users/rramele/work/wakuseibokan//terrain/atom.bmp
0
79
Parentum
-150000
435000
/Users/rramele/work/wakuseibokan//terrain/parentum.bmp
0
79
SonGoku
-200000
-435000
/Users/rramele/work/wakuseibokan//terrain/goku.bmp
0
79
Gaijin-shima
150000
-339000
/Users/rramele/work/wakuseibokan//terrain/gaijin.bmp
0
79
Kerama
138000
-212000
/Users/rramele/work/wakuseibokan//terrain/gaijin.bmp
0
79
Tristan-da-Cunha
250000
10000
/Users/rramele/work/wakuseibokan//terrain/tristan.bmp
0
79
North-Sentinel
150000
390000
/Users/rramele/work/wakuseibokan//terrain/sentinel.bmp
0
79
Midway
-150000
-290000
/Users/rramele/work/wakuseibokan//terrain/heightmap.bmp
0
79
Enewetak
-250000
-90000
/Users/rramele/work/wakuseibokan//terrain/thermopilae.bmp
0
79
Yokatsu
-350000
-120000
/Users/rramele/work/wakuseibokan//terrain/atom.bmp
0
79
Statera
0
0
/Users/rramele/work/wakuseibokan//terrain/thermopilae.bmp
0
79
Arachnid
-450000
-300000
/Users/rramele/work/wakuseibokan//terrain/thermopilae.bmp
0
79
Outcrop
-450000
-210000
/Users/rramele/work/wakuseibokan//terrain/atom.bmp
0
79
Taksaven
-420000
-370000
/Users/rramele/work/wakuseibokan//terrain/sentinel.bmp
0
79
Oshima
-310000
210000
/Users/rramele/work/wakuseibokan//terrain/sentinel.bmp
0
63
24
2
17
13
3
-309232
98.0392
210762
-0
1000
1000
0
2
15
20
79
-309739
3.92157
208201
-0.104877
1000
1000
1000
2
15
25
79
-309969
98.0392
209794
-1.71042
1000
1000
33
2
15
25
79
-310835
98.0392
210879
0.506145
1000
1000
33
2
15
25
79
-310577
98.0392
210773
0.0523599
1000
1000
33
2
15
21
79
-309573
98.0392
210143
-2.80998
1000
1000
0
2
15
23
79
-308673
98.0392
210613
-1.81514
1000
1000
0
2
15
24
79
-311306
98.0392
210093
-1.91986
1000
1000
0
2
15
24
79
-310208
98.0392
209702
-1.37881
1000
1000
0
2
15
15
79
-311322
98.0392
210792
1.44862
1000
1000
0
2
15
22
79
-309249
70.5882
208464
3.07178
1000
1000
0
2
15
26
79
-310210
98.0392
209079
-0.907571
1000
1000
0
2
15
24
79
-310427
98.0392
211162
-1.69297
1000
1000
0
2
15
25
79
-309891
98.0392
208574
-2.40855
1000
1000
33
2
15
24
79
-310714
98.0392
210953
-0.506145
1000
1000
0
2
15
26
79
-311548
98.0392
210236
-0.471239
1000
1000
0
2
15
24
79
-311122
3.92157
211404
0.174533
1000
1000
0
2
15
18
79
-309862
98.0392
210649
-1.36136
1000
1000
0
2
15
26
79
-311018
98.0392
209620
0.0174533
1000
1000
0
2
15
24
79
-310113
98.0392
210189
1.71042
1000
1000
0
2
15
25
79
-310099
98.0392
208626
0.785398
1000
1000
68
2
15
15
79
-310994
98.0392
209171
0.855211
1000
1000
0
2
15
25
79
-311054
98.0392
210651
-2.72271
1000
1000
49
2
15
26
79
-308670
98.0392
210065
-1.41372
1000
1000
0
Iriomote
-390000
110000
/Users/rramele/work/wakuseibokan//terrain/sentinel.bmp
0
63
24
2
17
13
3
-390090
98.0392
110682
-0
1000
1000
0
2
15
20
79
-391319
3.92157
111319
2.35619
1000
1000
1000
2
15
25
79
-390237
98.0392
110499
-0.541052
1000
1000
12
2
15
26
79
-390247
98.0392
110286
0.401426
1000
1000
0
2
15
25
79
-391075
98.0392
109007
-3.07178
1000
1000
12
2
15
18
79
-388547
97.6471
109445
1.62316
1000
1000
0
2
15
26
79
-389831
98.0392
110963
1.81514
1000
1000
0
2
15
26
79
-390602
98.0392
111167
-1.90241
1000
1000
0
2
15
18
79
-391380
98.0392
109945
-1.90241
1000
1000
0
2
15
24
79
-388705
70.9804
110992
2.63545
1000
1000
0
2
15
22
79
-389239
98.0392
109898
0.959931
1000
1000
0
2
15
24
79
-389517
97.2549
111518
-2.18166
1000
1000
0
2
15
17
79
-390195
98.0392
110227
-0.523599
1000
1000
0
2
15
24
79
-389496
3.92157
111643
1.36136
1000
1000
0
2
15
25
79
-388516
98.0392
109980
1.78024
1000
1000
12
2
15
18
79
-391288
98.0392
110804
-1.71042
1000
1000
0
2
15
24
79
-388836
98.0392
109930
-1.23918
1000
1000
0
2
15
24
79
-391377
98.0392
109084
0.907571
1000
1000
0
2
15
24
79
-389197
98.0392
108679
-2.49582
1000
1000
0
2
15
26
79
-389270
98.0392
108852
0.191986
1000
1000
0
2
15
25
79
-389847
98.0392
109144
0.977384
1000
1000
12
2
15
26
79
-390676
98.0392
108934
-1.20428
1000
1000
0
2
15
24
79
-390750
91.3726
108394
-2.77507
1000
1000
0
2
15
17
79
-389639
98.0392
108874
-0.191986
1000
1000
0
Amami
390000
-190000
/Users/rramele/work/wakuseibokan//terrain/sentinel.bmp
0
63
14
1
17
13
2
389051
98.0392
-191390
0.837758
1000
1000
0
1
15
20
79
388680
3.92157
-188633
2.37387
1000
1000
330
1
15
25
79
389583
98.0392
-189077
1.16937
1000
1000
5
1
15
15
79
389733
89.4118
-191737
-0.296706
1000
1000
0
1
15
17
79
389692
98.0392
-188786
-1.79769
1000
1000
0
1
15
20
79
391332
3.92157
-191200
-0.837758
1000
1000
330
1
15
21
79
390981
98.0392
-189522
-0.331612
1000
1000
0
1
16
16
79
390601
98.0392
-188979
1.81514
1000
1000
330
1
15
15
79
389092
98.0392
-188943
-1.16937
1000
1000
0
1
15
25
79
391195
97.6471
-188943
-1.23918
1000
1000
50
1
15
17
79
390176
98.0392
-191223
2.56563
1000
1000
0
1
15
20
79
389400
3.92157
-191799
0.279253
1000
1000
330
1
15
25
79
391115
98.0392
-190369
1.0472
1000
1000
38
1
15
24
79
390612
98.0392
-189872
0.907571
1000
1000
0
Miyake
420000
-110000
/Users/rramele/work/wakuseibokan//terrain/sentinel.bmp
0
79
Tokunoshima
420000
210000
/Users/rramele/work/wakuseibokan//terrain/sentinel.bmp
0
79
Dogojima
380000
110000
/Users/rramele/work/wakuseibokan//terrain/sentinel.bmp
0
79
Kikajima
205000
80000
/Users/rramele/work/wakuseibokan//terrain/sentinel.bmp
0
79
KameHouse
128000
230000
/Users/rramele/work/wakuseibokan//terrain/sentinel.bmp
0
79
